State space: 7056
v_table (2, 13, 3, 13) 0.14143990929705208
policy (2, 13, 3, 13) 2
v_table (1, 13, 3, 13) 0.13957154728283708
policy (1, 13, 3, 13) 2
v_table (1, 13, 2, 13) 0.13485411051704638
policy (1, 13, 2, 13) 2
v_table (0, 13, 1, 13) 0.1244473715112948
policy (0, 13, 1, 13) 2
v_table (1, 12, 2, 13) 0.1192234037748112
policy (1, 12, 2, 13) 4
v_table (0, 11, 1, 13) 0.11784824317482762
policy (0, 11, 1, 13) 4
v_table (0, 12, 1, 13) 0.11744898772113999
policy (0, 12, 1, 13) 4
v_table (1, 12, 1, 13) 0.11384939549707179
policy (1, 12, 1, 13) 1
v_table (1, 11, 1, 12) 0.11168762128306231
policy (1, 11, 1, 12) 4
v_table (1, 11, 1, 13) 0.10699140542023018
policy (1, 11, 1, 13) 1
v_table (1, 9, 1, 11) 0.10452058493023249
policy (1, 9, 1, 11) 4
v_table (1, 10, 1, 11) 0.10297744249415604
policy (1, 10, 1, 11) 4
v_table (2, 11, 1, 12) 0.10221785253224808
policy (2, 11, 1, 12) 1
v_table (2, 10, 1, 11) 0.10198785043478137
policy (2, 10, 1, 11) 1
v_table (0, 10, 1, 13) 0.10182203221538998
policy (0, 10, 1, 13) 4
v_table (0, 13, 2, 13) 0.10063220987006337
policy (0, 13, 2, 13) 2
v_table (1, 8, 1, 10) 0.09983271986519347
policy (1, 8, 1, 10) 4
v_table (2, 9, 1, 10) 0.09958812016897621
policy (2, 9, 1, 10) 1
v_table (0, 11, 1, 12) 0.09937458504318418
policy (0, 11, 1, 12) 2
v_table (1, 9, 1, 10) 0.09937010214260164
policy (1, 9, 1, 10) 4